1 -27.759529 0.426 0.529 0.818 -13.305 -28.6094 3.37701 0.529 1
2 -17.057741 0.580 0.572 0.727 -10.9831 -22.681 3.53549 0.572 1
3 -47.880008 0.509 0.549 0.909 -17.6176 -41.3386 3.34412 0.549 1
4 -38.241823 0.543 0.532 0.818 -14.1483 -11.9145 4.26977 0.532 1
5 -10.426808 0.497 0.558 0.909 -15.2231 -13.4558 2.72432 0.558 1
6 -14.692722 0.468 0.516 1.000 -13.2279 -59.5786 2.41898 0.516 1
7 -32.542772 0.594 0.561 0.818 -17.722 -42.7994 4.81628 0.561 1
8 -43.726809 0.515 0.548 0.818 -14.8546 -32.8628 2.12651 0.548 1
9 -15.318215 0.415 0.515 0.636 -11.5611 -44.3581 2.48965 0.515 1
10 -28.054869 0.479 0.521 0.909 -14.7089 -23.1318 2.91861 0.521 1
11 -36.562048 0.510 0.514 0.818 -15.0494 -15.021 3.72552 0.514 1
12 -32.919153 0.641 0.589 0.909 -13.032 1.24966 4.07015 0.589 1
13 -38.959131 0.498 0.511 0.909 -14.6853 -105.844 2.15919 0.511 1
14 -13.040868 0.511 0.514 0.818 -13.9849 -25.9113 2.02662 0.514 1
15 -29.055971 0.537 0.555 0.909 -14.486 -23.6846 2.39049 0.555 1
16 -18.693052 0.549 0.510 0.818 -15.1513 -2.97602 2.89812 0.510 1
17 -50.559549 0.000 0.000 1.000 -13.8927 -48.0201 4.42271 0.000 1
18 -30.298089 0.472 0.515 1.000 -15.1272 -62.6265 1.95581 0.515 1
19 -29.864747 0.497 0.507 0.909 -16.0319 -38.5311 3.67653 0.507 1
20 -18.550439432 0.550 0.543 0.727 -14.4339 -22.6632 4.12631 0.543 1
