1 -49.796685 0.479 0.330 1.000 -26.2547 -52.1474 3.27395 0.330 1
2 -35.023139 0.375 0.298 0.875 -25.1739 -27.7355 3.70371 0.298 1
3 -49.107338 0.477 0.378 0.917 -27.6306 -46.6082 3.76702 0.378 1
4 -44.110888 0.480 0.356 0.708 -18.7483 -51.6601 2.35632 0.356 1
5 -37.417965 0.442 0.374 0.792 -22.8946 -19.9813 1.93495 0.374 1
6 -29.294775 0.537 0.359 0.833 -21.3749 -1.39618 1.85081 0.359 1
7 -40.476682 0.533 0.471 0.875 -25.9441 -18.5368 2.30778 0.471 1
8 -47.509558 0.480 0.367 0.833 -17.9907 -83.0693 2.46502 0.367 1
9 -35.522115 0.446 0.414 0.833 -22.1699 -60.9378 4.42805 0.414 1
10 -35.621461 0.517 0.366 0.833 -24.7706 -37.9823 2.33559 0.366 1
11 -35.414326 0.413 0.359 0.875 -22.654 -60.3836 2.18357 0.359 1
12 -46.487994 0.450 0.395 0.792 -17.5179 -65.9229 3.30886 0.395 1
13 -35.300724 0.449 0.342 0.792 -23.5248 -41.6603 2.11236 0.342 1
14 -48.923085 0.489 0.404 0.833 -26.3315 -26.4825 2.32415 0.404 1
15 -48.051943 0.484 0.346 0.875 -23.0105 -55.8797 4.52897 0.346 1
16 -41.78062 0.535 0.392 0.708 -22.7556 -9.62302 2.14584 0.392 1
17 -42.739129 0.449 0.383 0.875 -21.1927 -59.3299 5.28851 0.383 1
18 -51.16448 0.000 0.000 1.000 -26.0997 -56.0143 3.6528 0.000 1
19 -43.521695 0.511 0.336 0.875 -27.9367 6.3522 1.84565 0.336 1
20 -43.790001 0.494 0.438 0.833 -18.3791 -43.7677 3.78639 0.438 1
