1 -53.929123 0.493 0.543 0.885 -22.4259 -101.525 1.73177 0.543 1
2 -64.094844 0.580 0.441 0.769 -28.8178 -33.7917 2.87996 0.441 1
3 -64.528804 0.544 0.479 0.808 -25.8126 -24.6935 4.26696 0.479 1
4 -46.724849 0.418 0.495 0.846 -28.4091 -45.5635 3.03371 0.495 1
5 -77.545312 0.482 0.562 0.923 -27.7964 -84.386 2.28288 0.562 1
6 -88.687397 0.500 0.498 0.808 -29.7002 -69.617 2.90803 0.498 1
7 -60.449304 0.502 0.506 0.923 -27.9412 -17.2493 4.31256 0.506 1
8 -61.70296 0.454 0.446 0.846 -31.1497 -51.457 3.4824 0.446 1
9 -49.53226 0.487 0.564 0.846 -31.3173 -62.0749 3.049 0.564 1
10 -59.258131 0.413 0.548 0.885 -24.9551 -56.4699 3.60949 0.548 1
11 -86.47362 0.530 0.467 0.769 -28.0048 -58.3539 2.5046 0.467 1
12 -80.624764 0.478 0.596 0.769 -28.1843 -35.3046 1.55456 0.596 1
13 -75.166672 0.455 0.423 0.846 -31.8787 -47.3019 2.65708 0.423 1
14 -54.442381 0.518 0.468 0.692 -24.876 -34.0596 2.39639 0.468 1
15 -56.299809 0.530 0.492 0.731 -26.5044 -17.164 2.11291 0.492 1
16 -68.236933 0.502 0.511 0.769 -25.4606 -47.6615 1.64467 0.511 1
17 -72.657727 0.483 0.490 0.731 -26.0011 -70.3603 2.86533 0.490 1
18 -69.081539 0.426 0.419 0.808 -26.5955 -47.2846 1.62681 0.419 1
19 -90.095434 0.000 0.000 1.000 -24.1977 -99.8867 4.48406 0.000 1
20 -58.417182 0.537 0.533 0.808 -26.8655 -47.6347 3.94358 0.533 1
