1 -27.769916 0.582 0.569 0.923 -14.8904 -64.1429 2.67499 0.569 1
2 -20.995861 0.532 0.527 0.923 -12.476 -63.7238 5.24559 0.527 1
3 -41.326293 0.527 0.540 1.000 -15.9301 -78.0744 3.20287 0.540 1
4 -57.363949 0.496 0.535 1.000 -19.39 -99.8741 3.84271 0.535 1
5 -43.910963 0.503 0.562 1.000 -19.1975 -69.1079 2.04517 0.562 1
6 -60.308059 0.553 0.523 1.000 -14.3045 -99.8434 4.97121 0.523 1
7 -38.992045 0.551 0.572 0.846 -16.6246 -87.9222 3.64255 0.572 1
8 -65.635159 0.000 0.000 1.000 -17.58 -109.896 3.70341 0.000 1
9 -47.004405 0.507 0.531 0.923 -16.3616 -106.478 2.50395 0.531 1
10 -47.351211 0.558 0.567 0.846 -12.9352 -55.9103 3.26849 0.567 1
11 -45.24222 0.479 0.509 0.923 -17.3751 -100.523 2.3257 0.509 1
12 -45.49293 0.525 0.547 1.000 -14.4085 -132.401 8.0532 0.547 1
13 -36.066979 0.555 0.555 1.000 -14.2798 -76.12 2.43441 0.555 1
14 -49.758421 0.519 0.530 1.000 -17.7583 -55.7807 2.96019 0.530 1
15 -32.57157 0.553 0.532 0.846 -13.1676 -81.7912 2.3989 0.532 1
16 -51.484752 0.474 0.523 0.923 -16.6927 -88.1479 3.03228 0.523 1
17 -34.862523 0.587 0.526 1.000 -16.5075 -57.412 2.76187 0.526 1
18 -55.034241 0.490 0.543 1.000 -15.9545 -87.3516 2.83779 0.543 1
19 -29.754418 0.521 0.554 0.923 -14.1609 -59.9592 3.16172 0.554 1
20 -36.627967 0.527 0.553 0.923 -16.738 -83.4965 2.30913 0.553 1
